010010010000000000000000000000000000000000000000000
000010010000011000000000100000000001000000000000000
000011101100000000000000010000000001101100000000000
000011000100000000000000010000000001101100000000000
011010100000000000000000000000000000000000000000000
000010010000011000000000100000000001000000000100000
000011001100000000000000010000000001101100000000011
000010111100000000000000010000000001101100000000011
100100101100000000000000100000000000000000001100000
000010010000011000000000100000000001000000000100000
000000000000000000000000000000000000000000000000000
000000000000000000000000000000000000000000000000000
000010010000000100000000000000001001100000000000000
000010010000011000000000001000000001000000000000000
000010010000010000000000010000000000010100000000001
000110100010000000000000000001000000000000000000000
001010000000000000000000000000000000000000000011100
001010010000000000000000000000000000000000000011000
000100000100000100000010000000000000000000000000000
000100000100000100000010000000000000000000000000000
000010010000010100000010000000001011100000000000000
000010000000010100000010000000001100010000000000001
000010010000000100000000000000001000010000000000001
000010000010000000000000100000000000000000001100100
000010001010000000000000100000000000000000001100000
001011001010000000000000000000000000000000000011100
000000000000000000000000000000000000000000000000000
000010010000011000000001000000000000000000000000100
000101001100010000000000000000010000000000010000000
001011101010000000000000000000000000000000000011000
000010000001000000000001000000000000000000000000100
000010010000011000000001000000000000000000000000100
000000000000100000000000000000000000000000000000000
001100011010000000000000000000000000000000000010100
100110011000010000000000000000000000000000100000000
000100000001000000000001000000000000000000000000100
000011100000010001000000000000010000000000110000000
001100111010000000000000000000000000000000000011100
000010010000000100000001000000000000000000000000000
000110101000000100000001000000000000000000000000000
001101110000000000000000000000000000000000000011100
001101011000000000000000000000000000000000000011100
000101111100000000000000000010000000000000000000000
000110011010000000000000000100000000000000000000000
110100001000000000000000000000000000000000000000000
000100100010000000100000000001000000000000000000000
000010010000010010000000000000010000000000000000000
001110001010000000000000000000000000000000000011100
001101010010000000000000000000000000000000000011100
000010010000000100000001000000000000000000000000000
000110110000000000000101000000000000000000000000000
000101000100010000000000000000010000000000010000000
100011100000000000100000000000000000000000000000000
000110000100010000000000000000010000000000010000000
100100110000010000000000000000000000000000100000000
000010010000000100000001000000000000000000000000000
000101101100000000101000000001100000000011000000000
000101101100000000101000000001100000000011000000000
000000000000000000000000000000000000000000000000000
000010010000010010000000000000010000000000000000000
000100100010000000110000000001000000000000000000000
000101101100000000101000000001100000000011000000000
000100100100000000101000000001100000000011000000000
000000000000000000000000000000000000000000000000000
